71 1
215 1
54 1
61 1
298 1
229 1
81 1
253 1
193 1
97 1
264 1
29 1
132 1
110 1
163 1
259 1
183 1
334 1
245 1
222 1
173 2
155 3
99 3
327 3
140 3
116 3
147 3
144 3
150 3
270 3
51 4
83 4
237 4
125 5
344 5
295 5
257 5
55 5
122 5
223 5
59 5
268 5
280 5
84 5
156 5
258 5
236 5
250 5
239 5
69 5
23 6
337 7
289 7
93 7
17 7
111 7
52 7
137 7
343 7
192 7
35 7
326 7
310 7
214 7
32 7
115 7
321 7
209 7
312 7
41 7
20 7
225 8
46 8
282 9
336 10
204 10
74 10
206 10
292 10
146 10
154 10
164 10
279 10
73 10
42 11
14 11
216 11
2 11
324 12
265 12
161 12
76 12
165 12
199 12
203 12
13 12
66 12
113 12
252 12
313 12
238 12
158 12
240 12
331 12
332 12
134 12
218 12
118 12
235 12
311 12
151 12
308 12
212 12
70 12
211 12
278 13
138 14
131 14
68 14
143 14
86 14
175 15
227 15
108 16
208 16
251 16
325 16
176 16
133 16
276 16
198 16
271 16
288 16
316 16
96 16
246 16
347 16
121 16
7 16
3 16
170 16
323 16
56 16
338 16
109 16
141 16
67 16
345 16
114 16
50 16
304 16
318 16
65 16
15 16
45 16
317 16
322 16
26 16
31 16
168 16
124 16
285 16
255 16
129 16
40 16
172 16
274 16
95 16
207 16
128 16
339 16
233 16
1 16
294 16
224 16
269 16
256 16
60 16
328 16
189 16
77 16
196 16
64 16
286 16
89 16
22 16
39 16
190 16
281 16
117 16
38 16
213 16
135 16
197 16
291 16
21 16
315 16
261 16
47 16
36 16
186 16
169 16
342 16
49 16
9 16
16 16
185 16
219 16
123 16
72 16
309 16
103 16
157 16
277 16
105 16
139 16
148 16
248 16
341 16
62 16
98 16
63 16
297 16
242 16
10 16
152 16
82 16
87 16
136 16
200 16
247 16
290 16
303 16
319 16
6 16
314 16
104 16
127 16
25 16
171 16
119 16
79 16
340 16
301 16
188 16
142 16
94 17
330 17
5 17
34 17
299 17
254 17
24 17
180 17
194 17
101 17
266 17
85 17
57 17
37 17
80 17
202 17
187 17
249 17
58 17
48 17
92 17
90 18
126 18
179 18
145 18
210 18
177 19
33 20
333 20
44 20
244 21
262 21
293 21
220 21
174 21
12 22
267 23
28 24
149 24
162 24
1043 25
1045 25
1030 25
1252 25
1254 25
1368 25
1197 25
955 25
1111 25
1384 25
1410 26
1144 26
950 26
1385 26
1174 26
1087 26
563 26
1684 26
1676 26
1555 26
1549 26
389 26
1013 26
1251 26
1031 26
1421 26
1469 27
1504 27
1727 27
1183 27
1052 27
1807 27
913 27
1263 27
1690 27
1035 27
1531 27
1699 27
1444 27
1738 27
1745 27
1760 27
1429 27
987 27
1542 27
1320 28
1616 28
1025 28
976 28
651 28
1237 28
1223 28
566 28
1881 28
1080 28
0 28
1142 28
517 28
1155 28
1408 28
1692 28
914 28
348 28
915 28
420 28
363 28
1487 28
606 28
1766 28
366 28
1113 28
1679 28
1882 28
428 28
1114 28
1574 28
1332 28
1387 28
1767 28
1179 28
1177 29
1896 29
1053 29
1138 29
1057 29
1403 29
979 29
1016 29
1664 29
1607 29
1231 30
1060 30
1099 30
1227 30
1158 30
1891 30
1635 30
1423 30
1691 30
1120 30
1413 30
1115 30
1215 30
1436 30
1899 30
1143 30
1381 30
1682 30
1257 30
1872 30
1036 30
1018 30
1875 30
1379 30
1418 30
1859 30
1261 30
1636 30
1828 30
1808 30
1448 30
1591 30
971 30
1515 30
1848 30
1015 30
526 31
1539 31
1579 31
1642 31
1852 31
1317 31
1585 31
1736 31
1554 31
1603 31
1572 31
946 31
1553 31
1191 31
1666 31
1547 31
1288 31
1494 31
929 31
1722 31
990 31
1329 31
1050 31
1048 31
1805 31
1182 31
1799 31
983 31
1195 31
1594 31
1092 31
1112 31
927 31
925 31
1600 31
1146 31
1597 31
1584 31
1851 31
1198 31
1435 31
1619 31
1181 31
1184 31
1107 31
1724 31
1845 31
1344 31
1523 31
1054 31
1836 31
1140 31
1593 31
1827 31
1752 31
1522 31
1708 31
1367 31
1377 31
1608 31
1519 31
1116 31
1126 31
1641 31
1842 31
1726 31
1026 31
1088 31
1219 31
952 31
1073 31
1398 31
1735 31
980 31
1447 31
951 31
1620 31
1823 31
1132 31
1039 31
1272 31
1789 31
1678 31
1613 31
1612 31
1361 31
1411 31
1761 31
1793 31
1669 31
1172 31
1135 31
1886 31
1557 31
1098 31
1819 31
1540 31
1480 31
1750 31
967 31
1321 31
1391 31
1034 31
1422 31
1902 31
1049 31
1477 31
982 31
1151 31
1161 31
1029 31
1561 31
1271 31
1484 31
1559 31
1178 31
1697 31
1791 31
1683 31
1101 31
947 31
1803 31
978 31
1517 31
1588 31
1817 31
1293 31
1008 31
1509 31
1653 31
1278 31
1710 31
961 31
1637 31
922 31
1242 31
920 31
1753 31
1846 31
1290 31
1058 31
1795 31
1470 31
1076 31
934 31
1250 31
1617 31
1351 31
1614 31
1883 31
1369 31
1700 31
991 31
1719 31
1535 31
1746 31
921 31
1352 31
1441 31
1405 31
1376 31
1460 31
1123 31
1416 31
1467 31
1644 31
1843 31
1079 31
1006 31
1074 31
1513 31
1792 31
1449 31
1450 31
1085 31
1458 31
1305 31
966 31
1128 31
1774 31
1867 31
1757 31
1380 31
414 31
1888 31
1730 31
1420 31
1758 31
1145 31
1086 31
1485 31
1149 31
1737 31
1800 31
1675 31
1003 31
1714 31
1056 31
916 31
996 31
1075 31
1769 31
1589 31
1796 31
1238 31
1431 31
1124 31
1471 31
1330 31
1702 31
1668 31
1721 31
906 31
1544 31
1610 31
1390 31
1084 31
1243 31
1865 31
1863 31
1765 31
1521 31
1201 31
926 31
1534 31
1701 31
1698 31
1532 31
1402 31
1663 31
1360 31
1809 31
1301 31
1528 31
1211 31
1209 31
1900 31
1365 31
1835 31
1291 31
1652 31
1689 31
1813 31
1838 31
1505 31
1089 31
1165 31
1524 31
1445 31
1283 31
1659 31
1312 31
1214 31
1623 31
1622 31
1327 31
1267 31
1269 31
923 31
1580 31
1816 31
1779 31
1861 31
1558 31
1193 31
1017 31
1375 31
1068 31
1643 31
1055 31
1069 31
1516 31
1877 31
1639 31
1811 31
1491 31
1520 31
1328 31
1551 31
1717 31
1028 31
1833 31
1688 31
1059 31
1563 31
1626 31
1564 31
1537 31
1723 31
1265 31
908 31
1110 31
1339 31
1334 31
1621 31
1077 31
1658 32
1001 32
968 32
1337 32
1897 32
1439 32
1395 32
1562 32
1821 32
1133 32
1814 32
912 32
1442 32
1038 32
1618 32
1657 32
1062 32
1818 32
1012 32
1885 32
899 32
1780 32
1262 32
1097 33
938 33
1137 33
1118 33
1319 33
1747 33
903 33
1548 33
1424 33
1533 33
1468 33
1733 33
1568 33
992 33
1378 33
1232 33
1798 33
1363 33
958 33
963 33
1784 33
910 33
1186 33
1837 33
1371 33
1895 33
1216 33
1601 33
1787 33
901 33
1880 33
1629 33
1452 33
1333 33
1314 33
513 34
475 34
388 34
373 34
431 34
463 34
461 34
400 34
391 34
450 34
500 34
452 34
408 34
525 34
524 34
387 34
376 34
378 35
449 35
412 35
536 35
439 35
446 35
509 35
489 35
398 35
419 35
405 35
554 35
396 35
520 35
458 35
533 35
540 35
438 35
568 35
356 35
469 35
442 35
502 35
361 35
528 35
571 35
553 35
565 35
514 35
558 35
415 35
508 35
497 35
432 35
375 35
493 35
477 35
504 35
478 35
445 35
537 35
354 35
473 35
547 35
560 35
532 35
529 35
484 35
494 35
451 35
392 35
436 35
485 35
516 35
491 35
506 35
362 35
544 35
481 35
426 35
466 35
372 35
519 35
535 35
462 35
570 35
352 35
355 35
390 35
417 35
522 35
421 35
476 35
424 35
542 35
487 35
402 35
534 35
397 35
551 35
395 35
437 35
512 35
381 35
470 35
353 35
367 35
371 35
380 35
482 35
569 35
409 35
495 35
559 35
567 35
433 35
518 35
499 35
511 35
521 35
456 35
510 35
360 35
539 35
465 35
394 35
555 35
349 35
369 35
435 35
440 35
455 35
548 35
460 35
505 35
531 35
488 35
459 35
486 35
492 35
538 35
543 35
530 35
453 35
557 35
359 35
472 35
523 35
403 35
490 35
406 35
527 35
410 35
416 35
507 35
467 35
474 35
413 35
423 35
407 35
374 35
404 35
545 35
368 35
496 35
379 35
572 35
515 35
480 35
541 35
377 35
385 35
448 35
457 35
357 35
503 35
483 35
434 35
429 35
546 35
430 35
370 35
479 35
471 35
561 35
418 35
350 35
382 35
422 35
383 35
562 35
425 35
556 35
444 35
549 38
427 38
501 40
454 40
351 40
441 40
364 40
564 40
399 40
393 40
447 40
358 40
468 44
411 44
498 44
365 45
669 49
683 49
614 49
668 49
637 49
604 49
591 49
607 49
580 49
641 49
601 49
676 49
107 49
590 49
674 49
649 50
594 50
667 50
611 51
603 51
597 51
579 51
592 51
684 51
677 51
647 52
583 52
661 52
578 52
576 52
615 52
600 52
595 52
582 52
599 52
635 52
632 52
675 52
662 52
670 52
628 52
658 52
643 52
659 52
577 52
665 52
681 52
640 52
650 52
627 52
631 53
584 53
602 53
639 53
678 53
682 53
660 53
616 53
679 53
622 54
621 54
596 54
636 54
680 54
625 54
619 54
620 54
609 54
588 54
618 54
573 54
629 54
666 54
672 54
612 54
589 54
664 54
575 54
685 54
623 54
644 54
574 54
617 54
626 54
655 54
605 54
653 54
630 54
654 54
598 54
633 54
638 54
663 54
657 54
783 55
717 55
837 55
843 55
797 55
728 55
831 55
803 55
823 55
705 55
763 55
820 55
748 55
824 55
745 55
856 55
697 55
804 55
730 55
709 55
849 55
719 55
737 55
755 55
817 55
836 55
765 55
716 55
769 55
782 55
747 55
774 55
770 55
718 55
841 55
792 55
720 55
781 55
808 55
838 55
764 55
819 55
807 55
708 55
840 55
698 55
852 55
780 55
814 55
809 55
687 55
828 55
830 55
754 55
759 55
739 55
827 55
815 55
700 55
758 55
787 55
798 55
779 55
835 55
703 55
790 55
741 55
793 55
832 55
812 55
805 55
775 55
722 56
771 56
768 56
813 56
746 56
854 56
733 56
786 56
789 56
691 56
806 56
742 56
850 56
757 56
833 56
736 56
816 56
743 56
776 57
788 57
796 57
725 57
707 57
818 57
732 57
802 57
699 57
702 57
714 57
712 57
810 57
822 57
839 57
689 57
791 57
767 57
729 58
710 58
735 58
761 58
762 58
825 58
692 58
811 58
753 58
715 58
772 59
853 59
752 59
821 59
777 59
695 59
845 59
693 59
701 59
731 59
834 59
760 59
800 59
706 59
713 59
694 59
847 59
688 59
773 59
844 59
724 59
778 59
766 59
726 59
696 59
851 60
721 61
801 62
744 62
785 62
846 62
749 62
704 63
750 63
740 63
734 64
784 64
756 64
848 64
799 64
723 64
826 64
738 64
690 64
751 64
727 64
842 64
711 64
794 64
795 64
829 64
855 65
882 70
863 70
888 70
864 70
884 70
878 70
876 70
886 70
889 70
875 70
893 70
880 71
879 74
870 74
858 74
871 74
881 74
866 74
895 74
862 75
857 75
872 77
867 77
877 77
874 77
873 77
887 77
885 77
868 79
865 79
860 79
883 81
2900 82
3077 82
2934 82
3186 82
2870 82
3162 82
3207 82
2947 82
3001 82
3118 82
3177 82
3410 82
2990 82
2860 82
3420 82
3176 82
3356 82
2775 82
2739 82
3371 82
3191 82
2696 82
3018 82
2724 82
2728 82
3007 82
3068 82
3412 82
2711 82
3019 82
2951 82
2737 82
2892 82
3002 82
3366 82
2830 82
3223 82
2779 82
3379 82
2962 82
2662 82
2682 82
3415 82
3295 82
2829 82
2820 82
3334 82
3210 82
3103 82
2713 82
2671 82
3285 82
3069 82
3086 82
3244 82
3273 82
2995 82
3154 82
3100 82
3246 82
2845 82
3203 82
3346 82
3359 82
3168 82
3233 82
2697 82
3062 82
3241 82
2885 83
2814 83
2717 83
2838 83
2740 83
2704 83
3003 83
3290 83
2785 84
3175 84
3111 84
2849 84
2708 84
3013 84
3272 84
3224 84
2992 84
3079 84
3386 84
2904 84
2797 84
3360 84
2833 84
2778 84
2875 84
3422 84
3434 84
2869 84
2720 84
3396 84
3206 84
2793 84
3145 84
3101 84
3194 84
3291 84
3046 84
3316 84
3116 84
2881 84
3039 84
2684 84
3005 84
3297 84
3017 84
3403 84
3146 84
3021 84
3252 84
3247 84
3299 84
3188 84
2863 84
2973 84
3060 84
3355 84
3115 84
3391 84
3262 84
3306 84
2716 84
2672 84
3204 84
3152 84
3179 84
3411 84
3381 84
2936 84
3170 84
3201 84
3367 84
3192 84
3051 84
3209 84
2989 84
3254 84
2753 84
3280 84
2765 84
3287 84
3106 84
3344 84
2733 84
2901 84
3313 84
2783 84
2846 84
3350 84
3198 84
3197 84
2742 84
3298 84
3239 84
3288 84
3352 84
3419 84
3109 84
3058 84
3321 84
2970 84
3172 84
3132 84
2976 84
3112 84
3281 84
3038 84
3332 84
3353 84
3182 84
3082 84
3267 84
3320 84
3397 84
3212 84
3225 84
3049 84
3185 84
3240 84
3076 84
2965 84
2687 84
3102 84
3274 84
2674 84
2840 84
3011 84
2894 84
3120 84
3406 84
3113 84
2770 84
2719 84
2991 84
3041 84
2937 84
3260 84
2701 84
3378 84
3347 84
3296 84
2828 84
2661 84
3089 84
3357 84
3070 84
3261 84
2748 84
3351 84
3377 84
3345 84
3169 84
3035 84
3416 84
2780 84
3150 84
3148 84
3016 84
3277 84
2939 84
2796 84
3265 84
2694 85
2787 85
3006 86
2767 86
2722 86
2964 86
3401 86
2707 86
3270 86
2808 86
3338 86
2926 86
3376 86
2842 86
2975 86
3408 86
2857 86
3425 86
3427 86
3421 86
3121 86
2980 86
3157 86
3370 86
3094 86
3133 86
3328 86
3159 86
3402 86
3031 86
3429 86
2893 87
2858 87
2736 87
2762 87
2841 87
3221 87
3389 87
3327 87
3248 87
2804 87
3190 87
2771 87
2954 87
2781 87
3424 87
3214 87
2898 87
3383 87
2836 87
3275 87
3028 88
3368 88
2714 88
3155 88
3063 88
2933 88
3012 88
2805 88
2983 88
2922 88
2997 88
2935 88
3167 89
2921 89
3236 89
3048 89
2758 89
2747 89
3393 89
3323 89
3256 89
2878 89
2795 89
3050 89
3196 89
2675 89
3156 89
3107 89
2918 89
2996 89
2955 89
3136 89
2831 89
2816 89
3369 89
2723 89
3027 89
3279 89
2950 89
3337 89
3380 89
3043 89
3307 89
2844 89
3276 89
3253 89
3409 89
3404 89
3075 89
3067 89
2865 89
3151 89
3249 89
2843 89
2772 89
2751 89
2686 89
2932 89
2718 89
3358 89
2730 89
3171 89
3032 89
3365 89
3312 89
2744 89
3134 89
3140 89
3199 89
2702 89
3385 89
3093 89
3418 89
2715 89
3264 89
2768 89
2665 89
2871 89
2801 89
2984 89
3189 89
2914 89
2825 89
3160 89
3144 89
2668 89
3087 89
3187 89
3255 89
3219 89
3395 89
3326 89
3124 89
2941 90
3329 90
2727 90
3072 90
2734 90
3057 90
2700 90
3242 90
3342 90
2895 90
3407 90
2678 90
3164 90
3024 90
3302 90
2688 90
3263 90
3373 90
3099 90
1656 90
2791 90
3097 90
2667 90
2859 90
2822 90
2690 90
3340 90
2848 90
3161 90
3431 90
3349 90
3278 90
2802 90
3020 90
2784 90
3215 90
2764 90
2813 90
3178 90
2971 90
3015 90
2677 90
2968 90
3330 90
2752 90
2883 90
3331 90
2998 90
3375 90
3374 90
2958 90
3211 90
2826 90
2803 90
2999 90
3110 90
3222 90
2868 90
1419 90
2693 90
3009 90
3319 90
3305 90
3165 90
3432 90
2818 90
3088 90
3245 90
2903 90
2760 90
3343 90
2847 90
2819 90
2876 90
2735 90
2923 90
3258 90
2812 90
2882 90
3138 90
3230 90
3292 90
3335 90
3205 90
2790 90
2856 90
3361 90
3105 91
3141 91
2902 91
3354 91
3053 91
3271 91
2930 91
3131 91
3216 91
3251 91
3181 91
3372 91
2732 91
3200 91
2788 91
3180 91
3122 91
2799 91
2861 91
2776 91
3218 91
3173 92
2915 92
2866 92
2972 93
2889 93
3311 93
2982 93
2699 93
3309 93
3283 93
2670 93
3314 93
3325 93
2879 93
3423 93
2834 93
2703 93
3318 93
2959 93
3382 93
3008 93
2979 94
3071 94
3061 95
3081 95
3398 95
3405 95
2957 95
3308 95
2685 95
3266 95
2777 96
3294 96
2754 96
2729 96
2676 96
2794 96
2766 96
3227 96
2906 96
2809 96
2759 96
2773 96
3137 96
3220 96
2905 96
2862 96
2948 96
3193 96
3114 96
3084 96
3384 96
2698 96
2749 96
2757 96
2931 96
2994 96
3303 96
3142 96
2666 96
3104 96
3392 96
3228 96
3250 96
3243 96
3085 96
2663 96
3362 96
2907 96
2731 96
2890 96
2851 96
2815 96
2827 96
3339 96
2680 96
2706 96
2669 96
3095 96
2837 96
3348 96
3026 96
2908 96
2925 96
3300 96
2987 96
2741 96
3010 96
3153 96
3213 96
2888 96
3044 96
2726 96
3045 96
2944 96
2806 96
2943 96
2689 96
3414 96
3184 96
3387 96
2874 96
2769 96
2873 96
3399 96
3014 96
3388 96
3195 96
3108 96
3363 96
3435 96
2920 96
2867 96
3119 96
2807 96
3123 96
2899 96
3158 96
2961 96
3033 96
3394 96
2877 96
2927 96
2928 96
3056 96
3135 96
2755 96
3428 96
3430 96
3029 96
3400 96
2940 96
2695 96
3237 96
3301 96
2953 96
2864 96
3293 96
2952 96
2956 96
3234 96
2850 96
3417 96
3129 96
2909 96
2763 96
2854 96
2681 96
2966 96
3143 96
2821 96
2738 96
2705 96
2896 96
2756 96
3436 96
2945 96
2832 96
2786 96
2985 96
3040 96
2800 96
2911 96
2839 96
2743 96
2884 96
3364 96
3117 96
3042 96
3231 96
2761 96
3324 96
3286 96
3092 96
3000 96
3090 96
2978 96
2750 96
2872 96
2897 96
3163 96
2835 96
2683 96
3202 96
2852 96
2673 96
3078 96
3052 96
3183 96
2887 96
2988 96
3226 96
2912 96
2782 96
3333 96
2853 96
3055 96
2810 96
3257 96
3269 96
3098 96
2969 96
2746 96
2880 96
2910 96
3174 96
2913 96
3390 96
3030 96
2917 96
3232 96
2993 96
2946 96
3315 96
3064 96
3065 96
3004 96
2789 96
3023 96
3139 96
3080 96
3229 96
3317 96
3073 96
2974 96
2710 96
2798 96
3238 96
3304 96
3166 96
2679 96
3096 96
3433 96
2745 96
3284 96
2929 96
2960 96
2981 96
3413 96
2924 96
3426 96
2963 96
3047 96
3130 96
3025 96
2967 96
3022 96
3036 96
2919 96
2916 96
3059 96
2986 96
2664 96
3054 96
2891 96
2949 97
3128 97
1171 97
3126 97
2886 97
3083 97
3310 97
3322 97
3066 97
3336 97
2774 98
3074 98
2792 98
2691 98
2817 98
3127 98
3282 98
3147 98
3037 98
2540 99
2047 99
2543 99
2332 99
2183 99
2094 99
1941 99
2014 100
2571 100
2009 100
2011 100
2657 100
1931 100
2639 100
2640 100
2645 100
1999 100
2000 100
1998 100
2284 100
2585 100
2001 100
2020 100
2192 100
2159 100
2024 100
2297 100
1921 100
1995 100
2004 100
2378 100
2006 100
2346 100
2116 100
2648 100
2647 100
2459 100
2337 100
2022 100
2658 100
2660 100
2659 100
2018 100
2268 100
2633 100
1976 100
2341 100
1968 100
1927 100
1954 100
2447 100
1928 100
2157 100
2472 100
1991 100
1950 100
2627 100
2626 100
1914 100
2016 100
2012 100
2364 100
2636 100
2494 100
2015 100
2097 100
2620 100
2583 100
1951 100
2538 100
1935 100
2143 100
2025 100
2027 100
2171 100
1919 100
2456 101
2108 102
2369 102
2046 102
2059 102
2439 103
2531 103
2185 103
2254 103
2548 103
2461 103
2558 103
2375 103
2219 103
2217 103
2621 103
2567 104
2026 104
2191 104
2153 104
2498 104
1959 104
1923 105
1947 105
2134 105
2125 106
2502 106
2224 106
2516 106
2519 106
2582 106
2649 106
2298 106
2643 106
2295 106
2163 106
2283 107
2099 107
2304 107
2358 107
2247 107
2246 107
2555 107
2230 107
2052 107
2523 108
2455 109
2382 109
2204 109
2541 109
2437 109
2241 109
1985 109
2142 109
2042 109
2470 109
2344 109
2421 109
2174 109
1465 109
2266 109
2034 109
2111 109
2096 109
2468 109
2176 110
2186 110
2031 110
2310 110
2419 110
2209 110
1964 110
2557 110
2641 110
2318 110
2038 110
2525 110
2416 110
2133 110
2610 110
2325 110
2211 110
2296 110
2506 111
2573 111
2426 111
2561 111
2348 111
2098 111
2137 111
1956 112
2528 112
2425 112
2512 113
2560 113
2336 114
1949 114
2458 114
2605 114
2424 114
2017 114
1915 114
2221 114
2642 114
2120 114
2501 114
2587 114
2598 114
1996 114
2542 114
2581 114
1922 114
2232 114
2023 114
2316 114
2156 114
2565 114
2062 114
2328 114
2577 114
2168 114
2114 114
2231 114
2041 114
2243 114
2113 115
2100 115
2521 116
2182 116
2081 116
2550 119
2086 119
2030 119
1925 119
1918 119
2287 119
2184 119
2476 119
2164 119
2262 119
2556 119
2553 119
2593 119
2579 119
2045 119
2464 119
1989 119
2443 119
2462 119
2308 119
2190 119
2477 119
2586 119
1993 119
2121 119
2613 119
2507 119
2021 119
1962 119
2073 119
2408 119
2391 119
2104 119
2611 119
2123 119
2575 119
2311 119
2374 119
2276 119
2334 119
2179 119
2356 119
2484 119
2428 119
2084 119
2638 119
2005 119
2093 119
2092 119
2060 119
2395 119
2078 119
2572 119
2306 119
2549 119
2200 119
2063 119
2350 119
2055 119
2418 119
2607 119
2069 119
2500 119
1938 119
2261 119
2393 119
2240 119
2559 119
2352 119
2339 119
2140 119
2387 119
2532 119
2154 119
2112 119
2040 119
2212 119
2275 119
1942 119
2591 119
2139 119
2118 119
2172 119
2536 119
2469 119
2324 119
2363 119
2237 119
1963 119
2615 119
2551 119
1979 119
2407 119
1917 119
1946 119
2624 119
2655 119
2489 119
2499 119
2257 119
1953 119
2210 119
2386 119
2218 119
2233 119
2625 119
2122 119
2495 119
2546 119
2381 119
1986 119
2131 119
2077 119
2229 119
1943 119
2442 119
2056 119
2019 119
1969 119
2290 119
2485 119
2165 119
2088 119
2392 119
2410 119
2584 119
2043 119
2347 119
2563 119
2271 119
1984 119
2526 119
2216 119
2258 119
2064 119
2492 119
2244 119
2300 119
2353 119
2504 119
2630 119
2090 119
2590 119
2430 119
2278 119
2446 119
2103 119
2478 119
2520 119
2329 119
2136 119
2600 119
2189 119
1929 119
2423 119
2007 119
2578 119
2234 119
2288 119
2115 119
2253 119
1971 119
2604 119
2449 119
2147 119
2606 119
2414 119
1983 119
2299 119
1997 119
2293 119
2033 119
2074 119
2602 119
2220 119
1966 119
2067 119
2654 119
2460 119
2124 119
2109 119
2048 119
2201 119
2267 119
2576 119
2619 119
2564 119
2409 119
2482 119
2623 119
2309 119
2206 119
2539 119
2631 119
2370 119
2359 119
2404 119
2326 119
2574 119
2037 119
2601 119
2646 119
2095 119
2188 119
2433 119
2307 119
2083 119
2323 119
2354 119
2376 119
2340 119
2150 119
2394 120
2282 120
2072 120
2110 120
2053 120
2075 120
2294 120
2054 120
2479 120
2177 120
2384 120
2509 120
2377 120
2652 120
2003 120
2451 120
2161 120
2511 120
2333 120
2438 120
2002 120
2222 120
2415 120
1981 120
2280 120
1939 120
2252 120
2396 120
2132 120
2235 120
2432 120
2568 120
2434 120
2301 120
2327 120
2399 120
1970 120
1967 120
2274 120
2603 120
2101 120
2199 120
2617 120
2390 120
2537 120
2431 122
2321 122
2260 122
1952 122
2106 123
2398 126
2320 126
2259 126
2622 126
2349 126
2513 126
2444 126
2486 126
2255 126
2170 126
2515 126
2401 126
1992 126
2650 126
2466 126
2076 126
1988 126
2057 128
2385 128
1987 128
2215 128
1980 130
1958 130
1957 130
2365 130
2061 130
2518 130
1973 130
1972 130
2225 130
2595 131
2457 131
2527 131
2483 131
2588 131
2629 132
2436 132
2292 132
2635 132
2302 132
2544 132
2463 132
2128 132
2535 133
2481 133
2570 133
1961 133
2245 133
2126 133
2167 133
2487 133
1577 134
2491 134
2149 134
2402 135
2413 135
2066 135
2517 135
2422 135
2263 135
2371 135
2256 135
2529 135
2445 135
2534 135
2082 135
2524 135
2227 135
2614 135
2454 135
2400 135
2632 135
2441 135
2129 135
2389 135
2010 135
2345 135
2497 135
2450 135
2065 135
2291 135
2355 135
2251 135
2036 135
2270 135
2312 135
1977 135
2249 135
2448 135
2628 135
2051 135
2169 135
2514 135
2214 135
2130 135
2530 135
2265 135
2488 135
1913 135
2367 137
2138 137
1920 137
2533 137
2194 137
2592 137
2250 137
1718 137
2594 137
2187 137
2148 137
2068 137
2372 137
1945 137
2597 137
2475 137
2608 137
2087 137
2471 137
2223 137
2273 137
2589 137
1955 137
2028 137
2151 137
2135 137
2196 137
2279 137
2203 137
2289 137
2319 137
2351 137
2102 137
2420 137
2473 137
1932 137
2117 137
1994 137
2071 137
2032 137
2338 137
2343 137
2315 137
2127 137
1948 137
2616 137
2039 137
2496 137
2653 139
2609 139
2465 139
2144 139
2599 139
2440 140
2119 140
2634 140
2411 140
2452 140
2049 140
2286 140
2181 140
2080 140
2397 140
1933 140
2178 140
1937 140
2238 140
2160 140
2029 140
2373 140
2314 140
2403 140
2008 140
2342 140
2175 140
2162 140
2277 140
2228 140
2013 140
2569 140
2105 140
1936 140
2158 140
2357 140
2322 140
1990 140
2562 140
2412 140
2566 140
1930 140
2360 140
2152 140
2379 140
2656 140
2089 140
2366 140
2155 140
2362 140
2193 140
2141 140
2242 140
1934 140
2236 140
2035 140
2637 140
2272 140
2085 140
1965 140
1944 140
2335 140
2618 140
2317 140
2361 140
2388 140
2503 140
1960 140
2313 140
2406 140
2580 140
2612 140
2474 140
2197 140
1926 140
2070 140
2480 140
2145 140
2173 140
2091 140
2146 140
2248 140
2405 140
2331 140
1975 140
1978 140
2453 144
2505 144
1974 144
2208 144
2651 144
3518 145
3860 145
3605 145
3488 145
3938 145
3574 145
3604 145
3640 145
3832 145
3786 146
3623 146
3947 146
3782 146
3963 147
3771 147
3939 147
3682 147
3624 147
3894 147
3949 147
3651 148
3677 148
3962 148
3880 148
3456 148
3656 148
3753 148
3521 148
3830 148
3633 148
3948 148
3674 148
3907 148
3586 148
3721 149
3454 149
3592 149
3689 149
3566 150
3551 150
3895 151
3544 152
3775 152
3690 153
3834 153
3617 153
3763 155
3844 156
3893 156
3799 156
3612 156
3675 156
3836 156
3476 156
3759 156
3837 156
3494 157
3593 158
3810 158
3506 158
3558 158
3758 158
3791 159
3680 159
3825 159
3861 159
3568 159
3766 159
3539 159
3564 159
3534 159
3718 159
3803 159
3823 159
3945 159
3770 159
3645 159
3554 159
3819 159
3705 159
3555 159
3777 159
3843 159
3719 159
3615 160
3553 160
3482 160
3470 160
3912 161
3567 161
3477 162
3979 170
3548 170
3660 170
3772 176
3779 176
3989 177
4009 177
4010 178
4037 178
4013 179
4024 180
3987 180
4015 180
4006 181
4035 182
3999 183
4028 183
4005 183
3996 183
4031 183
4018 183
3994 183
4002 183
4032 183
3991 183
3981 183
3998 183
4036 183
4023 183
3997 183
4011 183
4019 183
4027 183
4008 183
4020 183
4034 183
3984 184
3988 185
4030 185
4026 185
4021 185
3983 186
3992 186
4033 186
4017 186
4000 186
3986 186
3990 187
4007 187
4016 187
4025 187
4001 188
4029 188
4012 189
4038 190
4014 191
3982 192
4003 193
3995 193
3993 193
4004 193
3985 193
3510 194
3828 194
3479 194
1693 194
1005 194
3663 194
3602 194
3560 194
1488 194
160 194
3579 194
1260 194
3915 194
3702 194
1776 194
1496 194
1100 194
1277 194
1518 194
1625 194
1162 194
1082 194
1222 194
1148 194
2435 194
3556 194
1230 194
1083 194
1456 194
1285 194
1687 194
1908 194
3629 194
3930 194
1180 194
3788 194
3821 194
1582 194
1481 194
1451 194
986 194
3487 194
1309 194
1508 194
3747 194
3813 194
957 194
221 194
1640 194
1221 194
2493 194
1356 194
905 194
1322 194
1019 194
3968 194
2709 194
3951 194
1374 194
948 194
1354 194
2380 194
3944 194
3794 194
3666 194
1773 194
464 194
1296 194
300 194
3760 194
3447 194
3829 194
673 194
3607 194
933 194
3508 194
1810 194
3937 194
1677 194
1299 194
1094 194
1042 194
1894 194
3807 194
1788 194
944 194
3927 194
2522 194
3826 194
3589 194
1671 194
1318 194
1287 194
1632 194
3931 194
3740 194
1235 194
1091 194
3268 194
1707 194
960 194
993 194
3475 194
2417 194
3468 194
1446 194
3765 194
3559 194
1346 194
1720 194
1341 194
1336 194
1573 194
3571 194
3613 194
1027 194
1566 194
1362 194
2383 194
3669 194
3441 194
1388 194
1270 194
1889 194
1268 194
610 194
1578 194
3905 194
1868 194
3707 194
3882 194
3812 194
3967 194
3679 194
1023 194
1924 194
1204 194
3795 194
1569 194
1606 194
166 194
1234 194
587 194
3706 194
3446 194
3644 194
2725 194
3863 194
3738 194
3686 194
3515 194
3890 194
3563 194
3543 194
977 194
931 194
1706 194
1830 194
1173 194
3926 194
384 194
593 194
3892 194
3523 194
3796 194
3941 194
1308 194
917 194
1711 194
1389 194
1650 194
1399 194
3676 194
894 194
1202 194
3483 194
1311 194
1667 194
3540 194
1903 194
1785 194
1316 194
3492 194
3749 194
1832 194
2213 194
3480 194
1892 194
1163 194
1404 194
1348 194
3495 194
3573 194
1412 194
3857 194
3881 194
1910 194
3723 194
3762 194
3662 194
932 194
2180 194
3741 194
2205 194
3569 194
3922 194
3710 194
2545 194
3743 194
3599 194
3787 194
3670 194
1646 194
1499 194
1685 194
3950 194
962 194
3455 194
3806 194
1907 194
3450 194
3978 194
3466 194
1459 194
1704 194
1103 194
1873 194
1313 194
386 194
3531 194
1772 194
3884 194
1751 194
1359 194
3512 194
3848 194
1507 194
1372 194
3549 194
3577 194
3876 194
1510 194
924 194
1188 194
3850 194
3698 194
2427 194
1370 194
106 194
1583 194
3578 194
1106 194
3505 194
3473 194
1609 194
1189 194
1425 194
3842 194
1066 194
1208 194
972 194
3694 194
1744 194
3781 194
2644 194
1804 194
3739 194
1286 194
1229 194
1248 194
1041 194
1734 194
1295 194
1157 194
3498 194
320 194
3532 194
1303 194
1543 194
1783 194
241 194
3716 194
3678 194
3654 194
234 194
1475 194
1782 194
1884 194
3954 194
3865 194
3471 194
3742 194
581 194
3561 194
1002 194
1131 194
869 194
3601 194
1437 194
3462 194
1358 194
3626 194
1428 194
296 194
3900 194
3438 194
3914 194
443 194
1500 194
3595 194
1911 194
1427 194
3778 194
3750 194
2050 194
3933 194
3630 194
2305 194
3869 194
3972 194
3773 194
3866 194
273 194
1438 194
1615 194
3717 194
1822 194
956 194
634 194
3817 194
1440 194
1298 194
1512 194
1778 194
3859 194
652 194
642 194
1802 194
3946 194
3952 194
1501 194
1660 194
3693 194
3752 194
3691 194
3961 194
1768 194
1473 194
1432 194
3442 194
1210 194
3445 194
999 194
3463 194
1743 194
3519 194
3761 194
1461 194
401 194
3687 194
3808 194
3597 194
648 194
1844 194
3603 194
1292 194
3917 194
1511 194
3886 194
1205 194
3472 194
1556 194
1982 194
898 194
2198 194
3584 194
1167 194
1141 194
19 194
3959 194
3341 194
2207 194
1169 194
3458 194
3552 194
2303 194
1284 194
671 194
1756 194
191 194
3736 194
1598 194
1602 194
1716 194
1526 194
1570 194
1282 194
552 194
3641 194
3977 194
3704 194
3901 194
1839 194
3618 194
2264 194
1414 194
1655 194
1105 194
1857 194
1443 194
1307 194
994 194
1457 194
984 194
3504 194
3585 194
2977 194
3486 194
3697 194
1323 194
1472 194
3783 194
120 194
1127 194
1325 194
1575 194
904 194
3541 194
181 194
1571 194
3503 194
1829 194
1497 194
3800 194
3681 194
3658 194
1849 194
1350 194
1797 194
2824 194
1790 194
1604 194
1093 194
346 194
2202 194
1353 194
3920 194
3467 194
1147 194
1072 194
1806 194
3688 194
1196 194
2226 194
859 194
3474 194
3879 194
1739 194
995 194
1546 194
1409 194
1649 194
3091 194
1740 194
1850 194
973 194
1393 194
1674 194
1139 194
1840 194
3527 194
3538 194
1125 194
1150 194
3969 194
3501 194
3444 194
1590 194
1338 194
130 194
3780 194
307 194
3924 194
3731 194
3461 194
1280 194
2508 194
1611 194
205 194
1281 194
1430 194
3520 194
1176 194
1661 194
3822 194
3649 194
1212 194
1874 194
1545 194
1905 194
3695 194
284 194
3572 194
1794 194
1592 194
974 194
3726 194
3509 194
2239 194
1304 194
1297 194
3756 194
3902 194
3443 194
305 194
3478 194
1274 194
1064 194
2285 194
3565 194
3652 194
1514 194
3701 194
3814 194
3714 194
1831 194
3637 194
232 194
1815 194
3575 194
1259 194
941 194
939 194
1596 194
1462 194
3851 194
3491 194
3785 194
1741 194
3827 194
3703 194
3815 194
3648 194
3784 194
1633 194
1869 194
3499 194
907 194
1136 194
1628 194
3464 194
3883 194
3149 194
3864 194
3621 194
959 194
1258 194
1854 194
935 194
231 194
1255 194
3699 194
1187 194
3671 194
3805 194
1225 194
3818 194
1236 194
1276 194
1192 194
3975 194
1340 194
3841 194
3667 194
1239 194
3918 194
1812 194
3661 194
3530 194
3940 194
3594 194
1166 194
1415 194
975 194
902 194
3217 194
3708 194
3793 194
1725 194
1397 194
2942 194
1904 194
3614 194
909 194
3980 194
3942 194
1696 194
3489 194
1673 194
1373 194
1870 194
3789 194
1605 194
2058 194
3684 194
861 194
1194 194
1264 194
3891 194
1479 194
178 194
1407 194
1044 194
1207 194
182 194
1486 194
3733 194
3125 194
1901 194
937 194
3862 194
3852 194
3802 194
1705 194
1032 194
1763 194
1858 194
3797 194
3903 194
1040 194
970 194
890 194
3854 194
3642 194
102 194
936 194
1394 194
1781 194
1686 194
1401 194
3728 194
3590 194
217 194
1662 194
3845 194
3664 194
988 194
3840 194
1887 194
3653 194
3668 194
1672 194
3437 194
1841 194
3457 194
2044 194
1233 194
3692 194
3908 194
2490 194
1426 194
1009 194
3620 194
1000 194
260 194
1289 194
1906 194
3528 194
1498 194
1495 194
645 194
3685 194
940 194
3657 194
3855 194
1825 194
1108 194
1670 194
3545 194
1249 194
3878 194
195 194
1024 194
1294 194
3831 194
3957 194
3919 194
3885 194
3847 194
3774 194
3722 194
1777 194
3755 194
1529 194
3588 194
3835 194
1525 194
1755 194
1383 194
3490 194
3873 194
3500 194
900 194
3809 194
1247 194
1159 194
1310 194
3440 194
1122 194
1599 194
1464 194
3768 194
1345 194
1490 194
243 194
3550 194
686 194
1190 194
985 194
3971 194
3896 194
1366 194
1300 194
1940 194
3744 194
943 194
1335 194
1728 194
1478 194
1732 194
3448 194
3481 194
1014 194
1342 194
3525 194
3672 194
1129 194
1729 194
1306 194
1326 194
3522 194
3730 194
3628 194
3452 194
3598 194
1400 194
1898 194
2855 194
2721 194
1364 194
1343 194
1220 194
4 194
3923 194
1492 194
1754 194
3526 194
1061 194
1538 194
3659 194
1647 194
2823 194
3713 194
3877 194
3875 194
1709 194
1022 194
1860 194
1241 194
3542 194
1104 194
3485 194
949 194
3804 194
1771 194
1063 194
100 194
3976 194
1775 194
184 194
3557 194
1170 194
1218 194
53 194
1801 194
1503 194
78 194
283 194
1576 194
1417 194
112 194
1749 194
3867 194
1748 194
3643 194
3600 194
3925 194
1893 194
3591 194
3904 194
8 194
3547 194
3484 194
1567 194
3712 194
1357 194
3289 194
1502 194
1764 194
2429 194
1090 194
1004 194
1071 194
3516 194
3583 194
3647 194
1065 194
1648 194
997 194
3953 194
3849 194
3792 194
3846 194
230 194
1454 194
1853 194
1731 194
1199 194
1396 194
1240 194
3611 194
3871 194
1355 194
3764 194
656 194
3870 194
1256 194
3833 194
3715 194
3732 194
1156 194
3921 194
3608 194
3696 194
3960 194
1020 194
1638 194
1474 194
3606 194
3631 194
153 194
1820 194
91 194
226 194
3874 194
2554 194
1712 194
1046 194
1224 194
1878 194
3596 194
1595 194
3439 194
302 194
1067 194
3956 194
30 194
275 194
1007 194
3858 194
3638 194
2712 194
1175 194
1483 194
3625 194
3616 194
1654 194
3767 194
3511 194
1713 194
896 194
3868 194
1847 194
928 194
2166 194
1786 194
1742 194
1081 194
1070 194
3776 194
998 194
1890 194
3725 194
1037 194
1463 194
3502 194
1433 194
1109 194
1541 194
1455 194
2368 194
3514 194
1154 194
1117 194
3724 194
1489 194
3632 194
3916 194
2330 194
1078 194
3745 194
3720 194
1552 194
1302 194
3529 194
3958 194
1185 194
1153 194
1011 194
1627 194
3889 194
1331 194
1130 194
1624 194
3460 194
1586 194
3537 194
3751 194
1565 194
3635 194
3934 194
1824 194
3465 194
945 194
1506 194
3507 194
167 194
1680 194
1160 194
1550 194
3943 194
2938 194
2547 194
3811 194
88 194
3910 194
3839 194
3897 194
228 194
3955 194
3459 194
1217 194
1715 194
3513 194
1010 194
1121 194
3517 194
3497 194
942 194
3906 194
3546 194
1862 194
3576 194
3727 194
1273 194
1051 194
897 194
3899 194
3609 194
3887 194
3790 194
1665 194
1102 194
919 194
1855 194
3970 194
1695 194
3655 194
3673 194
1645 194
159 194
3769 194
3259 194
1315 194
2510 194
2692 194
1631 194
930 194
1530 194
1587 194
981 194
3929 194
3801 194
3735 194
3911 194
1213 194
1826 194
3683 194
2107 194
27 194
3700 194
1152 194
3533 194
3888 194
1347 194
3757 194
3746 194
1476 194
3535 194
3524 194
953 194
1246 194
1634 194
3838 194
3581 194
272 194
1703 194
964 194
1253 194
1694 194
2281 194
3711 194
3872 194
3665 194
1453 194
1434 194
1266 194
646 194
3587 194
1762 194
969 194
3646 194
2811 194
3636 194
1033 194
329 194
1244 194
3469 194
3034 194
1916 194
3627 194
1482 194
1203 194
1164 194
1912 194
3966 194
1909 194
75 194
201 194
1866 194
1406 194
3622 194
1879 194
989 194
3964 194
965 194
3898 194
1047 194
306 194
3610 194
2552 194
954 194
1382 194
3634 194
1856 194
1770 194
1226 194
1392 194
1630 194
263 194
1134 194
3536 194
3639 194
3913 194
3496 194
1324 194
1095 194
1681 194
3928 194
3580 194
1279 194
2467 194
3754 194
3973 194
3619 194
3562 194
1527 194
3208 194
3909 194
1876 194
3936 194
3235 194
1228 194
1536 194
1493 194
1349 194
1864 194
1759 194
3737 194
3582 194
3932 194
3824 194
1245 194
3449 194
1651 194
1021 194
1168 194
586 194
3493 194
1275 194
3734 194
3965 194
1871 194
3816 194
1200 194
0 0
107 0
348 0
414 0
686 0
698 0
1684 0
1912 0
3437 0
3980 0
