0	0
58	17
107	0
171	16
348	0
353	35
363	28
366	28
376	34
389	26
414	0
420	28
428	28
475	34
483	35
484	35
517	28
526	31
538	35
563	26
566	28
580	49
596	54
601	49
606	28
629	54
637	49
641	49
649	50
651	28
896	0
897	0
898	0
899	32
900	0
901	33
902	0
903	33
904	0
905	0
906	31
907	0
908	31
909	0
910	33
912	32
913	27
914	28
915	28
916	31
917	0
919	0
920	31
921	31
922	31
923	31
924	0
925	31
926	31
927	31
928	0
929	31
930	0
931	0
932	0
933	0
934	31
935	0
936	0
937	0
938	33
939	0
940	0
941	0
942	0
943	0
944	0
945	0
946	31
947	31
948	0
949	0
950	26
951	31
952	31
953	0
954	0
955	25
956	0
957	0
958	33
959	0
960	0
961	31
962	0
963	33
964	0
965	0
966	31
967	31
968	32
969	0
970	0
971	30
972	0
973	0
974	0
975	0
976	28
977	0
978	31
979	29
980	31
981	0
982	31
983	31
984	0
985	0
986	0
987	27
988	0
989	0
990	31
991	31
992	33
993	0
994	0
995	0
996	31
997	0
998	0
999	0
1000	0
1001	32
1002	0
1003	31
1004	0
1005	0
1006	31
1007	0
1008	31
1009	0
1010	0
1011	0
1012	32
1013	26
1014	0
1015	30
1016	29
1017	31
1018	30
1019	0
1020	0
1021	0
1022	0
1023	0
1024	0
1025	28
1026	31
1027	0
1028	31
1029	31
1030	25
1031	26
1032	0
1033	0
1034	31
1035	27
1036	30
1037	0
1038	32
1039	31
1040	0
1041	0
1042	0
1043	25
1044	0
1045	25
1046	0
1047	0
1048	31
1049	31
1050	31
1051	0
1052	27
1053	29
1054	31
1055	31
1056	31
1057	29
1058	31
1059	31
1060	30
1061	0
1062	32
1063	0
1064	0
1065	0
1066	0
1067	0
1068	31
1069	31
1070	0
1071	0
1072	0
1073	31
1074	31
1075	31
1076	31
1077	31
1078	0
1079	31
1080	28
1081	0
1082	0
1083	0
1084	31
1085	31
1086	31
1087	26
1088	31
1089	31
1090	0
1091	0
1092	31
1093	0
1094	0
1095	0
1097	33
1098	31
1099	30
1100	0
1101	31
1102	0
1103	0
1104	0
1105	0
1106	0
1107	31
1108	0
1109	0
1110	31
1111	25
1112	31
1113	28
1114	28
1115	30
1116	31
1117	0
1118	33
1120	30
1121	0
1122	0
1123	31
1124	31
1125	0
1126	31
1127	0
1128	31
1129	0
1130	0
1131	0
1132	31
1133	32
1134	0
1135	31
1136	0
1137	33
1138	29
1139	0
1140	31
1141	0
1142	28
1143	30
1144	26
1145	0
1146	31
1147	0
1148	0
1149	31
1150	0
1151	31
1152	0
1153	0
1154	0
1155	28
1156	0
1157	0
1158	30
1159	0
1160	0
1161	31
1162	0
1163	0
1164	0
1165	31
1166	0
1167	0
1168	0
1169	0
1170	0
1171	97
1172	31
1173	0
1174	26
1175	0
1176	0
1177	29
1178	31
1179	28
1180	0
1181	31
1182	31
1183	27
1184	31
1185	0
1186	33
1187	0
1188	0
1189	0
1190	0
1191	31
1192	0
1193	31
1194	0
1195	31
1196	0
1197	25
1198	31
1199	0
1200	0
1201	31
1202	0
1203	0
1204	0
1205	0
1207	0
1208	0
1209	31
1210	0
1211	31
1212	0
1213	0
1214	31
1215	30
1216	33
1217	0
1218	0
1219	31
1220	0
1221	0
1222	0
1223	28
1224	0
1225	0
1226	0
1227	30
1228	0
1229	0
1230	0
1231	30
1232	33
1233	0
1234	0
1235	0
1236	0
1237	28
1238	31
1239	0
1240	0
1241	0
1242	31
1243	31
1244	0
1245	0
1246	0
1247	0
1248	0
1249	0
1250	31
1251	26
1252	25
1253	0
1254	25
1255	0
1256	0
1257	30
1258	0
1259	0
1260	0
1261	30
1262	32
1263	27
1264	0
1265	31
1266	0
1267	31
1268	0
1269	31
1270	0
1271	31
1272	31
1273	0
1274	0
1275	0
1276	0
1277	0
1278	31
1279	0
1280	0
1281	0
1282	0
1283	31
1284	0
1285	0
1286	0
1287	0
1288	31
1289	0
1290	31
1291	31
1292	0
1293	31
1294	0
1295	0
1296	0
1297	0
1298	0
1299	0
1300	0
1301	31
1302	0
1303	0
1304	0
1305	31
1306	0
1307	0
1308	0
1309	0
1310	0
1311	0
1312	31
1313	0
1314	33
1315	0
1316	0
1317	31
1318	0
1319	33
1320	28
1321	31
1322	0
1323	0
1324	0
1325	0
1326	0
1327	31
1328	31
1329	31
1330	31
1331	0
1332	28
1333	33
1334	31
1335	0
1336	0
1337	32
1338	0
1339	31
1340	0
1341	0
1342	0
1343	0
1344	31
1345	0
1346	0
1347	0
1348	0
1349	0
1350	0
1351	31
1352	31
1353	0
1354	0
1355	0
1356	0
1357	0
1358	0
1359	0
1360	31
1361	31
1362	0
1363	33
1364	0
1365	31
1366	0
1367	31
1368	25
1369	31
1370	0
1371	33
1372	0
1373	0
1374	0
1375	31
1376	31
1377	31
1378	33
1379	30
1380	31
1381	30
1382	0
1383	0
1384	25
1385	26
1387	28
1388	0
1389	0
1390	31
1391	31
1392	0
1393	0
1394	0
1395	32
1396	0
1397	0
1398	31
1399	0
1400	0
1401	0
1402	31
1403	29
1404	0
1405	31
1406	0
1407	0
1408	28
1409	0
1410	26
1411	31
1412	0
1413	30
1414	0
1415	0
1416	31
1417	0
1418	30
1419	90
1420	31
1421	26
1422	31
1423	30
1424	33
1425	0
1426	0
1427	0
1428	0
1429	27
1430	0
1431	31
1432	0
1433	0
1434	0
1435	31
1436	30
1437	0
1438	0
1439	32
1440	0
1441	31
1442	32
1443	0
1444	27
1445	31
1446	0
1447	31
1448	30
1449	31
1450	31
1451	0
1452	33
1453	0
1454	0
1455	0
1456	0
1457	0
1458	31
1459	0
1460	31
1461	0
1462	0
1463	0
1464	0
1465	109
1467	31
1468	33
1469	27
1470	31
1471	31
1472	0
1473	0
1474	0
1475	0
1476	0
1477	31
1478	0
1479	0
1480	31
1481	0
1482	0
1483	0
1484	31
1485	31
1486	0
1487	28
1488	0
1489	0
1490	0
1491	31
1492	0
1493	0
1494	31
1495	0
1496	0
1497	0
1498	0
1499	0
1500	0
1501	0
1502	0
1503	0
1504	27
1505	31
1506	0
1507	0
1508	0
1509	31
1510	0
1511	0
1512	0
1513	31
1514	0
1515	30
1516	31
1517	31
1518	0
1519	31
1520	31
1521	31
1522	31
1523	31
1524	31
1525	0
1526	0
1527	0
1528	31
1529	0
1530	0
1531	27
1532	31
1533	33
1534	31
1535	31
1536	0
1537	31
1538	0
1539	31
1540	31
1541	0
1542	27
1543	0
1544	31
1545	0
1546	0
1547	31
1548	33
1549	26
1550	0
1551	31
1552	0
1553	31
1554	31
1555	26
1556	0
1557	31
1558	31
1559	31
1561	31
1562	32
1563	31
1564	31
1565	0
1566	0
1567	0
1568	33
1569	0
1570	0
1571	0
1572	31
1573	0
1574	28
1575	0
1576	0
1577	134
1578	0
1579	31
1580	31
1582	0
1583	0
1584	31
1585	31
1586	0
1587	0
1588	31
1589	31
1590	0
1591	30
1592	0
1593	31
1594	31
1595	0
1596	0
1597	31
1598	0
1599	0
1600	31
1601	33
1602	0
1603	31
1604	0
1605	0
1606	0
1607	29
1608	31
1609	0
1610	31
1611	0
1612	31
1613	31
1614	31
1615	0
1616	28
1617	31
1618	32
1619	31
1620	31
1621	31
1622	31
1623	31
1624	0
1625	0
1626	31
1627	0
1628	0
1629	33
1630	0
1631	0
1632	0
1633	0
1634	0
1635	30
1636	30
1637	31
1638	0
1639	31
1640	0
1641	31
1642	31
1643	31
1644	31
1645	0
1646	0
1647	0
1648	0
1649	0
1650	0
1651	0
1652	31
1653	31
1654	0
1655	0
1656	90
1657	32
1658	32
1659	31
1660	0
1661	0
1662	0
1663	31
1664	29
1665	0
1666	31
1667	0
1668	31
1669	31
1670	0
1671	0
1672	0
1673	0
1674	0
1675	31
1676	26
1677	0
1678	31
1679	28
1680	0
1681	0
1682	30
1683	31
1684	0
1685	0
1686	0
1687	0
1688	31
1689	31
1690	27
1691	30
1692	28
1693	0
1694	0
1695	0
1696	0
1697	31
1698	31
1699	27
1700	31
1701	31
1702	31
1703	0
1704	0
1705	0
1706	0
1707	0
1708	31
1709	0
1710	31
1711	0
1712	0
1713	0
1714	31
1715	0
1716	0
1717	31
1718	137
1719	31
1720	0
1721	31
1722	31
1723	31
1724	31
1725	0
1726	31
1727	27
1728	0
1729	0
1730	31
1731	0
1732	0
1733	33
1734	0
1735	31
1736	31
1737	31
1738	27
1739	0
1740	0
1741	0
1742	0
1743	0
1744	0
1745	27
1746	31
1747	33
1748	0
1749	0
1750	31
1751	0
1752	31
1753	31
1754	0
1755	0
1756	0
1757	31
1758	31
1759	0
1760	27
1761	31
1762	0
1763	0
1764	0
1765	31
1766	28
1767	28
1768	0
1769	31
1770	0
1771	0
1772	0
1773	0
1774	31
1775	0
1776	0
1777	0
1778	0
1779	31
1780	32
1781	0
1782	0
1783	0
1784	33
1785	0
1786	0
1787	33
1788	0
1789	31
1790	0
1791	31
1792	31
1793	31
1794	0
1795	31
1796	31
1797	0
1798	33
1799	31
1800	31
1801	0
1802	0
1803	31
1804	0
1805	31
1806	0
1807	27
1808	30
1809	31
1810	0
1811	31
1812	0
1813	31
1814	32
1815	0
1816	31
1817	31
1818	32
1819	31
1820	0
1821	32
1822	0
1823	31
1824	0
1825	0
1826	0
1827	31
1828	30
1829	0
1830	0
1831	0
1832	0
1833	31
1835	31
1836	31
1837	33
1838	31
1839	0
1840	0
1841	0
1842	31
1843	31
1844	0
1845	31
1846	31
1847	0
1848	30
1849	0
1850	0
1851	31
1852	31
1853	0
1854	0
1855	0
1856	0
1857	0
1858	0
1859	30
1860	0
1861	31
1862	0
1863	31
1864	0
1865	31
1866	0
1867	31
1868	0
1869	0
1870	0
1871	0
1872	30
1873	0
1874	0
1875	30
1876	0
1877	31
1878	0
1879	0
1880	33
1881	28
1882	28
1883	31
1884	0
1885	32
1886	31
1887	0
1888	31
1889	0
1890	0
1891	30
1892	0
1893	0
1894	0
1895	33
1896	29
1897	32
1898	0
1899	30
1900	31
1901	0
1902	31
1903	0
1904	0
1905	0
1906	0
1907	0
1908	0
1909	0
1910	0
1911	0
